(5, 100)
0.000000 0.156404 -0.000000 0.000000 -0.000000 -0.000000 -0.000000 -1.355032 -0.000000 0.000000 0.527821 0.000000 0.118121 -0.000000 0.000000 0.000000 -1.370710 -0.000000 0.500179 -0.007739 -0.000043 -0.000000 1.390914 0.132473 -0.000000 0.000000 0.000001 -0.000000 -0.000000 0.330401 -0.000000 0.041648 0.000000 -0.000008 0.000000 0.000000 0.000000 0.000000 -0.153411 0.000000 0.000070 -0.000000 -0.000000 -0.000000 1.868555 0.000000 0.175524 0.000000 -0.000000 1.812547 0.000000 0.327246 -0.000000 -1.153059 2.051291 0.000000 0.000000 0.000000 0.000000 0.000000 0.000000 0.000000 -0.000000 0.000000 -0.000000 0.000000 0.000000 0.000000 -0.000000 0.000005 0.000000 0.000000 0.324896 -0.000006 -0.766437 0.000000 -0.000000 0.000000 -0.691360 -0.000000 0.742019 0.000283 0.166558 0.000000 -0.000000 0.110869 -0.000000 0.000000 0.000000 -0.000000 -0.000000 0.310958 0.000000 -0.000000 -0.000000 0.000000 -0.000000 0.000000 0.000024 0.000002
-0.000000 -0.127509 0.000000 -0.000000 0.000000 -0.000000 -0.000000 0.226503 -0.000000 0.000000 -0.243461 0.000000 -0.000818 -0.000000 -0.000000 -0.000000 1.888988 0.000000 -0.515492 -0.292588 0.000012 -0.000000 0.568116 -0.350457 -0.000000 -0.000000 -0.000000 -0.000000 -0.000000 0.510599 -0.000000 -0.327288 -0.000000 0.000002 0.000000 -0.000000 -0.000000 0.000000 0.344644 0.000000 0.000026 0.000000 -0.000000 0.000000 2.412249 0.000000 -0.139330 0.000000 -0.000000 1.137810 0.000000 -0.153805 -0.000000 0.581740 -1.238210 0.000000 0.000000 0.000000 -0.000000 0.000000 0.000000 0.000000 0.000000 -0.000000 0.000000 -0.000000 0.000000 0.000000 0.000000 0.000006 -0.000000 0.000000 -0.140096 0.000004 -2.103459 0.000000 0.000000 0.000000 1.505781 0.000000 -0.139239 0.000565 -0.042399 0.000000 0.000000 0.112018 0.000000 0.000000 0.000000 -0.000000 -0.000000 -1.403886 0.000000 -0.000000 -0.000000 -0.000005 0.000000 -0.000000 0.000007 0.000011
-0.000000 0.208732 0.000000 -0.000000 0.000000 0.000000 0.000000 -1.048953 0.000000 -0.000000 0.306226 -0.000000 0.041883 0.000000 0.000000 0.000000 -0.245068 -0.000000 0.507331 -0.074746 0.000160 0.000000 -0.463614 0.104000 0.000000 0.000000 -0.000000 0.000000 -0.000000 -0.168283 0.000000 -1.251025 0.000000 0.000015 0.000000 -0.000000 0.000000 -0.000000 0.784048 0.000000 0.000189 0.000000 0.000000 -0.000000 3.058838 0.000000 -0.043819 0.000000 0.000000 -0.438740 -0.000000 -0.058933 0.000000 0.644203 -1.871744 -0.000000 0.000000 0.000000 0.000000 -0.000000 -0.000000 -0.000000 0.000000 0.000000 0.000000 -0.000000 0.000000 0.000000 0.000000 -0.000005 0.000000 0.000000 0.165785 0.000021 2.484946 -0.000000 -0.000000 0.000000 -0.455837 -0.000000 0.060789 -0.000328 0.017976 0.000000 0.000000 -0.250024 -0.000000 0.000000 -0.000000 -0.000000 -0.000000 0.135650 0.000000 0.000000 0.000000 -0.000001 0.000000 0.000000 -0.000023 0.000003
0.000000 -0.392116 -0.000000 0.000000 0.000000 -0.000000 0.000000 1.327701 0.000000 0.000000 -1.001224 -0.000000 -0.205376 -0.000000 -0.000000 -0.000000 -0.600553 0.000000 -1.215768 -0.060192 -0.000113 0.000000 -0.935017 -0.447291 -0.000000 0.000000 -0.000000 -0.000000 0.000000 -0.111524 0.000000 -0.259549 -0.000000 0.000008 -0.000000 -0.000000 0.000000 0.000000 0.514359 0.000000 -0.000246 -0.000000 -0.000000 0.000000 1.083029 -0.000001 -0.102290 -0.000000 0.000000 -0.220978 -0.000000 -0.625572 0.000001 -1.774022 1.746008 0.000000 -0.000000 -0.000000 -0.000000 0.000000 0.000000 -0.000000 -0.000000 -0.000000 -0.000000 -0.000000 -0.000000 -0.000000 0.000000 -0.000001 -0.000000 -0.000000 -0.542054 -0.000001 1.044223 -0.000000 -0.000000 -0.000000 2.279885 0.000000 -1.045955 -0.000059 -0.304406 0.000000 0.000000 0.041149 0.000000 0.000000 0.000000 0.000000 0.000000 -0.992870 -0.000000 -0.000000 0.000000 0.000001 -0.000000 -0.000000 0.000009 -0.000009
0.000000 -0.113432 0.000000 0.000000 0.000000 0.000000 -0.000000 0.833836 0.000000 0.000000 -0.054000 0.000000 -0.006079 0.000000 -0.000000 0.000000 -2.576978 0.000000 -0.235881 0.795707 -0.000089 0.000000 0.359018 -0.882501 -0.000000 0.000000 -0.000000 -0.000000 0.000000 -0.009860 0.000000 1.028784 -0.000000 -0.000007 0.000000 -0.000000 -0.000000 -0.000000 -0.212889 -0.000000 0.000157 -0.000000 0.000000 -0.000000 0.092097 0.000000 0.306883 0.000000 0.000000 0.228050 -0.000000 -0.016161 0.000000 2.538964 -0.141982 -0.000000 -0.000000 0.000000 -0.000000 -0.000000 0.000000 0.000000 0.000000 0.000000 0.000000 0.000000 -0.000000 -0.000000 0.000000 -0.000001 -0.000000 -0.000000 0.012666 0.000009 0.414167 -0.000000 0.000000 -0.000000 1.276070 0.000000 -0.724449 -0.000044 -0.000580 0.000000 0.000000 0.042209 -0.000000 0.000000 -0.000000 0.000000 0.000000 -0.318040 0.000000 -0.000000 0.000000 0.000010 0.000000 0.000000 0.000016 -0.000001
(1, 100)
-0.041741 0.176560 -0.095982 -0.503558 -1.828115 -0.136464 -0.120440 0.320744 -0.393403 -0.721271 0.306385 -1.700447 0.038344 -0.109404 -0.233667 -0.197624 2.519293 -0.208413 0.592906 -0.204089 -0.097136 -0.235323 -0.023425 0.815103 -0.576411 -0.990287 -0.550995 -0.033042 -0.073176 -0.770575 -0.007633 0.348364 -0.205423 -0.573703 -0.171806 -0.020822 -0.021284 -1.619841 -0.115218 -1.398248 -0.310589 -0.074691 -0.052755 -0.730284 -4.034374 -0.025836 -0.292313 -0.352857 -0.486862 -0.279177 -0.084156 0.306463 -0.684314 0.551873 0.683176 -0.260962 -0.330040 -0.328689 -0.414086 -1.064387 -0.643786 -0.397937 -0.206414 -0.018728 -1.916183 -0.030598 -1.031998 -0.440499 -0.300815 -0.090166 -0.220304 -0.473463 0.121712 -2.507392 0.734376 -0.178047 -0.875335 -0.153935 -1.557274 -0.242026 0.684670 -0.342473 0.101107 -1.188796 -0.218725 0.037643 -0.435464 -0.555110 -0.224395 -0.223562 -0.110381 1.229767 -1.826088 -0.179285 -0.006358 -0.213708 -0.034491 -0.015300 -0.166819 -1.233407
(100, 26)
0.000000 -0.000000 0.000000 0.000000 0.000000 -0.000000 0.000000 0.000000 0.000000 -0.000000 0.000000 0.000000 0.000000 0.000000 -0.000000 0.000000 -0.000000 -0.000000 -0.000000 -0.000000 0.000000 -0.000000 0.000000 0.000000 -0.000000 0.000000
-0.083193 -0.024041 0.021290 -0.107095 -0.010071 0.058530 -0.037845 -0.090661 -0.047763 -0.000573 -0.046563 0.140693 0.173115 0.137765 -0.057613 -0.096986 0.104526 -0.090966 -0.103222 0.114913 -0.089766 0.128345 -0.082709 -0.068323 0.023229 0.134983
-0.000000 0.000000 0.000000 -0.000000 -0.000000 -0.000000 -0.000000 -0.000000 -0.000000 -0.000000 -0.000000 -0.000000 -0.000000 0.000000 -0.000000 -0.000000 -0.000000 -0.000000 0.000000 -0.000000 -0.000000 0.000000 -0.000000 -0.000000 -0.000000 0.000000
-0.000000 -0.000000 0.000000 -0.000000 -0.000000 0.000000 0.000000 0.000000 -0.000000 0.000000 0.000000 -0.000000 -0.000000 -0.000000 0.000000 -0.000000 -0.000000 -0.000000 -0.000000 -0.000000 -0.000000 -0.000000 0.000000 0.000000 -0.000000 -0.000000
-0.000000 0.000000 -0.000000 -0.000000 -0.000000 -0.000000 0.000000 -0.000000 -0.000000 -0.000000 0.000000 -0.000000 -0.000000 -0.000000 -0.000000 -0.000000 -0.000000 0.000000 0.000000 -0.000000 0.000000 -0.000000 0.000000 0.000000 -0.000000 -0.000000
-0.000000 0.000000 -0.000000 -0.000000 -0.000000 -0.000000 -0.000000 -0.000000 -0.000000 -0.000000 -0.000000 -0.000000 0.000000 0.000000 -0.000000 0.000000 -0.000000 -0.000000 -0.000000 -0.000000 -0.000000 0.000000 0.000000 -0.000000 -0.000000 -0.000000
-0.000000 0.000000 0.000000 -0.000000 -0.000000 0.000000 -0.000000 0.000000 0.000000 -0.000000 -0.000000 -0.000000 -0.000000 -0.000000 -0.000000 -0.000000 -0.000000 0.000000 -0.000000 0.000000 -0.000000 0.000000 0.000000 -0.000000 -0.000000 -0.000000
-0.093919 0.181101 -0.126458 0.351506 -0.180662 -0.377847 0.634421 -0.079786 0.998009 -0.468192 -0.239476 -0.245905 -0.504127 -0.407663 0.165704 -0.123651 -0.352831 0.531594 0.318356 -0.314928 0.904953 -0.361727 0.118238 0.296990 -0.246248 -0.377452
-0.000000 0.000000 0.000000 -0.000000 -0.000000 -0.000000 0.000000 0.000000 -0.000000 -0.000000 -0.000000 -0.000000 -0.000000 0.000000 -0.000000 -0.000000 -0.000000 -0.000000 0.000000 -0.000000 0.000000 -0.000000 0.000000 -0.000000 -0.000000 -0.000000
-0.000000 -0.000000 -0.000000 -0.000000 -0.000000 -0.000000 0.000000 0.000000 -0.000000 -0.000000 -0.000000 -0.000000 -0.000000 -0.000000 0.000000 -0.000000 -0.000000 -0.000000 -0.000000 -0.000000 0.000000 -0.000000 -0.000000 0.000000 0.000000 -0.000000
-0.218838 -0.112711 -0.027733 -0.271825 0.032522 0.030746 -0.106485 -0.174837 -0.088045 -0.047787 -0.088962 0.412142 0.244556 0.432634 -0.092484 -0.199655 0.381318 -0.160452 -0.253453 0.244324 -0.188422 0.134976 -0.169718 -0.190836 0.158304 0.320721
-0.000000 -0.000000 -0.000000 -0.000000 -0.000000 -0.000000 0.000000 -0.000000 -0.000000 -0.000000 0.000000 -0.000000 -0.000000 0.000000 0.000000 -0.000000 0.000000 -0.000000 0.000000 -0.000000 0.000000 -0.000000 -0.000000 0.000000 0.000000 0.000000
-0.043951 -0.029779 -0.000878 -0.057156 -0.010650 -0.005226 -0.019497 -0.033184 -0.017707 -0.014463 -0.013782 0.077925 0.027315 0.072108 -0.019627 -0.023861 0.093554 -0.032410 -0.047390 0.049285 -0.034015 0.013576 -0.030862 -0.036659 0.062721 0.074611
-0.000000 0.000000 0.000000 -0.000000 0.000000 -0.000000 0.000000 0.000000 -0.000000 -0.000000 0.000000 -0.000000 0.000000 0.000000 0.000000 0.000000 0.000000 0.000000 0.000000 0.000000 0.000000 0.000000 0.000000 -0.000000 -0.000000 -0.000000
-0.000000 -0.000000 -0.000000 -0.000000 -0.000000 0.000000 -0.000000 -0.000000 -0.000000 -0.000000 -0.000000 0.000000 0.000000 0.000000 -0.000000 -0.000000 0.000000 -0.000000 -0.000000 0.000000 -0.000000 0.000000 -0.000000 -0.000000 -0.000000 0.000000
-0.000000 0.000000 -0.000000 -0.000000 -0.000000 0.000000 -0.000000 -0.000000 -0.000000 -0.000000 0.000000 0.000000 0.000000 -0.000000 -0.000000 0.000000 0.000000 -0.000000 0.000000 -0.000000 -0.000000 -0.000000 -0.000000 -0.000000 -0.000000 0.000000
1.153423 -0.645208 1.041546 0.491300 -0.705398 -0.093866 -0.745651 -0.531046 0.779003 -0.118814 -0.646374 -0.326490 -0.077948 -1.015439 -0.773866 1.037267 -0.295232 0.220952 -0.131532 0.724756 -0.239810 0.911172 -0.704069 -0.207972 0.608813 0.290484
-0.000000 -0.000000 0.000000 -0.000000 -0.000000 -0.000000 0.000000 -0.000000 0.000000 -0.000000 -0.000000 -0.000000 -0.000000 -0.000000 -0.000000 0.000000 -0.000000 -0.000000 -0.000000 -0.000000 0.000000 -0.000000 -0.000000 0.000000 0.000000 -0.000000
-0.275386 -0.067867 -0.007600 -0.283091 0.092814 0.145956 -0.133508 -0.259045 -0.137484 -0.037827 -0.156278 0.499294 0.469960 0.495409 -0.152360 -0.299189 0.334802 -0.235128 -0.331565 0.344439 -0.253573 0.318382 -0.242201 -0.208617 0.034415 0.345246
-0.033591 0.163720 -0.039526 -0.127484 0.078636 -0.158128 0.306994 -0.156780 -0.073976 -0.151445 0.031493 0.013892 -0.174884 0.390793 0.262227 -0.049054 -0.060578 -0.170238 0.022026 -0.066231 0.181956 -0.062366 0.080918 -0.083335 -0.047659 -0.077378
-0.000003 -0.000000 0.000010 -0.000009 -0.000003 -0.000001 -0.000000 -0.000000 -0.000001 -0.000005 -0.000002 -0.000001 0.000008 -0.000002 -0.000000 -0.000002 -0.000002 -0.000002 -0.000003 -0.000002 -0.000002 0.000022 -0.000001 -0.000000 -0.000002 0.000005
-0.000000 0.000000 -0.000000 -0.000000 -0.000000 -0.000000 0.000000 -0.000000 0.000000 -0.000000 0.000000 -0.000000 -0.000000 -0.000000 -0.000000 0.000000 0.000000 -0.000000 -0.000000 -0.000000 -0.000000 0.000000 0.000000 -0.000000 -0.000000 0.000000
-0.267614 -0.287044 -0.187781 -0.510777 -0.040200 -0.195291 -0.159214 0.044453 -0.455525 -0.201208 0.192135 0.462835 -0.201992 0.332724 0.213598 0.373364 0.777421 -0.418406 -0.268631 0.122109 -0.125548 -0.292982 -0.256152 0.360890 0.735614 0.253221
-0.020695 -0.119095 0.038578 0.095272 -0.002460 0.447061 -0.105527 -0.073674 -0.080395 0.154730 -0.138330 0.242167 0.280281 -0.179029 -0.204077 0.028738 0.029397 -0.258711 -0.176125 0.318593 -0.153458 0.336111 -0.187706 -0.189864 0.000079 -0.081860
-0.000000 0.000000 0.000000 -0.000000 -0.000000 -0.000000 -0.000000 -0.000000 -0.000000 -0.000000 -0.000000 -0.000000 0.000000 0.000000 -0.000000 -0.000000 -0.000000 -0.000000 0.000000 -0.000000 -0.000000 0.000000 0.000000 -0.000000 -0.000000 0.000000
-0.000000 -0.000000 -0.000000 -0.000000 -0.000000 0.000000 0.000000 0.000000 0.000000 -0.000000 0.000000 -0.000000 -0.000000 -0.000000 0.000000 -0.000000 -0.000000 0.000000 -0.000000 -0.000000 -0.000000 -0.000000 0.000000 0.000000 -0.000000 -0.000000
-0.000000 -0.000000 -0.000000 -0.000000 -0.000000 0.000000 -0.000000 0.000000 -0.000000 -0.000000 -0.000000 0.000000 -0.000000 -0.000000 0.000000 0.000000 0.000000 -0.000000 -0.000000 -0.000000 -0.000000 -0.000000 -0.000000 0.000000 0.000000 -0.000000
0.000000 0.000000 0.000000 -0.000000 -0.000000 -0.000000 0.000000 0.000000 -0.000000 -0.000000 -0.000000 0.000000 0.000000 -0.000000 -0.000000 -0.000000 -0.000000 -0.000000 0.000000 0.000000 -0.000000 0.000000 -0.000000 -0.000000 -0.000000 0.000000
-0.000000 -0.000000 -0.000000 -0.000000 -0.000000 -0.000000 0.000000 -0.000000 0.000000 -0.000000 -0.000000 -0.000000 -0.000000 -0.000000 0.000000 -0.000000 -0.000000 -0.000000 -0.000000 -0.000000 0.000000 -0.000000 -0.000000 -0.000000 -0.000000 -0.000000
-0.016243 -0.002599 -0.015298 -0.026767 -0.064026 -0.021097 -0.019056 -0.033400 -0.028621 -0.065033 0.012424 -0.024480 -0.017845 -0.025213 -0.029256 0.117343 0.073629 -0.044519 -0.024020 -0.050274 -0.026918 -0.017850 -0.005083 0.114076 0.247001 -0.006877
-0.000000 0.000000 -0.000000 -0.000000 -0.000000 -0.000000 -0.000000 -0.000000 -0.000000 -0.000000 -0.000000 -0.000000 -0.000000 0.000000 -0.000000 -0.000000 -0.000000 -0.000000 -0.000000 -0.000000 -0.000000 0.000000 0.000000 -0.000000 -0.000000 -0.000000
-0.104626 -0.103211 -0.102719 -0.101917 0.462628 -0.259260 0.530852 -0.031579 -0.025726 -0.440294 -0.118226 0.228251 -0.183675 0.060683 0.566732 -0.041709 0.073503 -0.288956 -0.334788 -0.091245 0.680950 -0.103422 -0.194675 0.088148 0.043828 -0.209545
0.000000 0.000000 0.000000 -0.000000 -0.000000 0.000000 0.000000 0.000000 0.000000 0.000000 -0.000000 0.000000 0.000000 -0.000000 -0.000000 -0.000000 0.000000 -0.000000 0.000000 0.000000 0.000000 -0.000000 0.000000 -0.000000 0.000000 -0.000000
0.000001 -0.000000 0.000000 -0.000000 -0.000000 -0.000000 -0.000000 -0.000000 -0.000000 -0.000000 -0.000000 -0.000000 0.000000 -0.000000 -0.000000 -0.000000 -0.000000 0.000001 -0.000000 -0.000000 -0.000000 0.000001 0.000001 -0.000000 -0.000000 -0.000000
-0.000000 -0.000000 -0.000000 -0.000000 -0.000000 -0.000000 -0.000000 -0.000000 -0.000000 -0.000000 -0.000000 0.000000 -0.000000 0.000000 -0.000000 -0.000000 0.000000 -0.000000 -0.000000 0.000000 -0.000000 -0.000000 -0.000000 -0.000000 0.000000 0.000000
-0.000000 -0.000000 0.000000 -0.000000 -0.000000 -0.000000 -0.000000 0.000000 0.000000 -0.000000 -0.000000 0.000000 -0.000000 0.000000 -0.000000 0.000000 0.000000 0.000000 -0.000000 0.000000 -0.000000 -0.000000 0.000000 0.000000 -0.000000 -0.000000
0.000000 -0.000000 -0.000000 0.000000 0.000000 -0.000000 -0.000000 0.000000 0.000000 0.000000 0.000000 -0.000000 0.000000 0.000000 0.000000 -0.000000 -0.000000 0.000000 0.000000 -0.000000 -0.000000 0.000000 -0.000000 0.000000 -0.000000 0.000000
-0.000000 -0.000000 -0.000000 -0.000000 -0.000000 0.000000 -0.000000 0.000000 -0.000000 -0.000000 0.000000 -0.000000 -0.000000 -0.000000 0.000000 0.000000 -0.000000 -0.000000 -0.000000 -0.000000 -0.000000 -0.000000 -0.000000 0.000000 0.000000 -0.000000
0.313298 0.067340 0.132858 -0.183003 -0.454804 0.129984 -0.115742 -0.105972 -0.012993 0.170717 0.181319 -0.214626 0.152667 -0.156709 -0.187705 -0.153830 -0.175369 0.382169 0.249378 -0.197683 -0.212017 0.131018 0.278248 0.008431 -0.128632 0.101660
0.000000 -0.000000 0.000000 -0.000000 -0.000000 -0.000000 -0.000000 -0.000000 -0.000000 -0.000000 0.000000 -0.000000 -0.000000 -0.000000 -0.000000 0.000000 -0.000000 0.000000 0.000000 -0.000000 -0.000000 -0.000000 -0.000000 0.000000 0.000000 0.000000
-0.000004 -0.000001 0.000002 -0.000006 -0.000007 -0.000002 -0.000002 -0.000001 -0.000001 -0.000004 -0.000003 -0.000001 -0.000002 0.000028 -0.000002 -0.000002 -0.000001 -0.000005 -0.000000 -0.000002 -0.000004 0.000000 -0.000005 -0.000002 -0.000003 0.000029
-0.000000 -0.000000 0.000000 -0.000000 -0.000000 0.000000 -0.000000 -0.000000 0.000000 0.000000 0.000000 -0.000000 -0.000000 0.000000 -0.000000 0.000000 -0.000000 -0.000000 0.000000 -0.000000 0.000000 -0.000000 0.000000 -0.000000 -0.000000 -0.000000
-0.000000 -0.000000 -0.000000 0.000000 0.000000 -0.000000 -0.000000 0.000000 0.000000 -0.000000 0.000000 0.000000 0.000000 0.000000 0.000000 -0.000000 0.000000 -0.000000 -0.000000 0.000000 0.000000 0.000000 0.000000 -0.000000 -0.000000 0.000000
0.000000 -0.000000 0.000000 -0.000000 -0.000000 -0.000000 -0.000000 -0.000000 0.000000 -0.000000 0.000000 -0.000000 -0.000000 -0.000000 -0.000000 0.000000 -0.000000 0.000000 0.000000 -0.000000 0.000000 -0.000000 -0.000000 0.000000 0.000000 -0.000000
0.966631 -0.485077 0.074489 -0.958373 -0.855420 0.252462 -0.414360 -0.448427 -0.714185 0.228205 1.915915 -0.466925 0.133293 0.041197 -0.363332 -0.413176 -0.021895 0.675051 0.434238 -0.564960 -0.830972 -0.277107 0.287265 0.528798 0.377283 0.899382
-0.000000 -0.000000 0.000000 -0.000000 -0.000000 -0.000000 -0.000000 -0.000000 -0.000000 -0.000000 -0.000000 0.000000 -0.000000 0.000000 -0.000000 -0.000000 0.000000 -0.000000 -0.000000 0.000000 -0.000000 0.000000 -0.000000 -0.000000 0.000000 0.000000
-0.004433 -0.022090 -0.005235 -0.024947 -0.013431 -0.040290 0.047002 -0.040584 -0.013497 -0.035242 0.006504 0.059124 -0.041520 0.172069 0.115414 -0.016578 0.015074 -0.019803 -0.033284 -0.018195 -0.019141 -0.007548 -0.001884 -0.024101 -0.007897 -0.025489
-0.000000 -0.000000 0.000000 -0.000000 -0.000000 -0.000000 -0.000000 -0.000000 -0.000000 -0.000000 -0.000000 -0.000000 -0.000000 0.000000 -0.000000 -0.000000 0.000000 -0.000000 -0.000000 -0.000000 -0.000000 -0.000000 -0.000000 -0.000000 -0.000000 0.000000
-0.000000 0.000000 -0.000000 -0.000000 -0.000000 -0.000000 -0.000000 -0.000000 -0.000000 -0.000000 -0.000000 -0.000000 0.000000 0.000000 -0.000000 -0.000000 -0.000000 -0.000000 -0.000000 -0.000000 -0.000000 0.000000 0.000000 -0.000000 -0.000000 -0.000000
0.019916 -0.463217 -0.233760 -0.867672 -0.357738 -0.018502 -0.102286 0.261853 -0.572742 0.059410 0.491747 0.224294 -0.323544 0.131948 0.285471 0.585776 0.735621 -0.191286 -0.247529 -0.103580 -0.203780 -0.453925 -0.396182 0.780375 0.822861 0.136472
-0.000000 -0.000000 0.000000 -0.000000 -0.000000 -0.000000 0.000000 -0.000000 -0.000000 -0.000000 0.000000 0.000000 -0.000000 -0.000000 -0.000000 0.000000 -0.000000 -0.000000 -0.000000 -0.000000 -0.000000 -0.000000 -0.000000 -0.000000 0.000000 -0.000000
-0.140791 -0.095888 -0.051819 -0.103898 0.131082 -0.012853 -0.077604 -0.077963 -0.079829 -0.080575 -0.076473 0.306000 0.045213 0.203110 -0.024033 -0.041513 0.261949 -0.076478 -0.155534 0.187680 -0.077804 0.014944 -0.097946 -0.129824 0.147668 0.103177
-0.000000 0.000000 -0.000000 0.000000 -0.000000 -0.000000 0.000000 -0.000000 0.000000 -0.000000 -0.000000 -0.000000 -0.000000 -0.000000 -0.000000 -0.000000 -0.000000 0.000000 -0.000000 -0.000000 -0.000000 -0.000000 0.000000 -0.000000 -0.000000 -0.000000
-0.554918 0.510046 0.471653 -0.160926 0.115411 -0.755233 0.177791 -0.676528 -0.655438 -1.092947 -0.046836 -0.194930 -0.251172 1.118545 -0.140001 -0.597316 0.192244 -0.523983 1.313642 -0.061999 1.222094 -0.040922 -0.261701 -0.335086 0.043222 1.185285
-0.640455 -0.441629 -0.450521 -0.447865 0.348668 1.038810 0.796818 1.337559 0.484361 0.348634 0.244137 0.518430 -0.813322 -0.218097 1.125581 0.395990 -0.061224 -0.387690 -0.958128 -0.550449 -0.594905 -0.697452 0.039831 0.803239 -0.304928 -0.915392
0.000000 -0.000000 0.000000 0.000000 0.000000 0.000000 -0.000000 -0.000000 0.000000 -0.000000 0.000000 0.000000 0.000000 0.000000 0.000000 0.000000 -0.000000 0.000000 0.000000 0.000000 -0.000000 0.000000 0.000000 0.000000 -0.000000 -0.000000
-0.000000 -0.000000 0.000000 -0.000000 -0.000000 -0.000000 -0.000000 -0.000000 -0.000000 -0.000000 -0.000000 -0.000000 0.000000 0.000000 -0.000000 -0.000000 0.000000 -0.000000 -0.000000 0.000000 -0.000000 0.000000 -0.000000 -0.000000 0.000000 0.000000
0.000000 -0.000000 -0.000000 -0.000000 -0.000000 -0.000000 -0.000000 -0.000000 0.000000 -0.000000 -0.000000 -0.000000 0.000000 0.000000 0.000000 0.000000 0.000000 -0.000000 0.000000 0.000000 0.000000 -0.000000 0.000000 -0.000000 0.000000 0.000000
-0.000000 -0.000000 0.000000 -0.000000 -0.000000 0.000000 -0.000000 0.000000 -0.000000 0.000000 -0.000000 0.000000 -0.000000 0.000000 0.000000 -0.000000 0.000000 -0.000000 -0.000000 -0.000000 -0.000000 -0.000000 -0.000000 -0.000000 -0.000000 -0.000000
-0.000000 -0.000000 -0.000000 -0.000000 -0.000000 0.000000 0.000000 0.000000 -0.000000 0.000000 0.000000 0.000000 -0.000000 -0.000000 0.000000 0.000000 0.000000 -0.000000 -0.000000 -0.000000 -0.000000 -0.000000 -0.000000 0.000000 -0.000000 -0.000000
-0.000000 -0.000000 0.000000 -0.000000 -0.000000 -0.000000 0.000000 -0.000000 -0.000000 -0.000000 0.000000 -0.000000 -0.000000 -0.000000 0.000000 -0.000000 0.000000 -0.000000 0.000000 -0.000000 0.000000 -0.000000 -0.000000 0.000000 0.000000 0.000000
-0.000000 -0.000000 0.000000 -0.000000 -0.000000 -0.000000 0.000000 -0.000000 -0.000000 0.000000 0.000000 0.000000 -0.000000 0.000000 0.000000 0.000000 0.000000 0.000000 -0.000000 0.000000 0.000000 0.000000 -0.000000 -0.000000 0.000000 0.000000
-0.000000 -0.000000 0.000000 -0.000000 -0.000000 -0.000000 -0.000000 -0.000000 -0.000000 -0.000000 -0.000000 -0.000000 -0.000000 -0.000000 -0.000000 -0.000000 -0.000000 -0.000000 0.000000 -0.000000 0.000000 0.000000 -0.000000 -0.000000 0.000000 0.000000
-0.000000 0.000000 -0.000000 -0.000000 -0.000000 -0.000000 -0.000000 -0.000000 -0.000000 -0.000000 -0.000000 -0.000000 0.000000 0.000000 -0.000000 -0.000000 -0.000000 -0.000000 -0.000000 -0.000000 -0.000000 -0.000000 -0.000000 -0.000000 -0.000000 -0.000000
-0.000000 0.000000 0.000000 -0.000000 -0.000000 -0.000000 -0.000000 -0.000000 -0.000000 -0.000000 0.000000 -0.000000 -0.000000 0.000000 -0.000000 -0.000000 -0.000000 -0.000000 0.000000 -0.000000 0.000000 -0.000000 0.000000 -0.000000 -0.000000 0.000000
-0.000000 -0.000000 -0.000000 -0.000000 -0.000000 0.000000 -0.000000 -0.000000 -0.000000 -0.000000 -0.000000 0.000000 -0.000000 0.000000 0.000000 -0.000000 -0.000000 -0.000000 -0.000000 -0.000000 -0.000000 -0.000000 -0.000000 -0.000000 -0.000000 -0.000000
0.000000 -0.000000 0.000000 -0.000000 -0.000000 -0.000000 -0.000000 -0.000000 -0.000000 -0.000000 -0.000000 -0.000000 0.000000 -0.000000 -0.000000 -0.000000 -0.000000 -0.000000 -0.000000 0.000000 -0.000000 0.000000 -0.000000 -0.000000 0.000000 0.000000
0.000000 0.000000 -0.000000 -0.000000 -0.000000 0.000000 0.000000 -0.000000 -0.000000 0.000000 0.000000 0.000000 -0.000000 -0.000000 -0.000000 0.000000 0.000000 -0.000000 0.000000 -0.000000 -0.000000 -0.000000 -0.000000 -0.000000 0.000000 0.000000
0.000000 -0.000000 0.000000 -0.000000 0.000000 -0.000000 0.000000 0.000000 -0.000000 -0.000000 0.000000 0.000000 0.000000 -0.000000 0.000000 0.000000 -0.000000 0.000000 0.000000 0.000000 -0.000000 -0.000000 0.000000 -0.000000 -0.000000 0.000000
-0.000000 -0.000000 -0.000000 -0.000000 -0.000000 -0.000000 -0.000000 0.000000 -0.000000 -0.000000 -0.000000 0.000000 -0.000000 -0.000000 -0.000000 0.000001 0.000000 -0.000000 -0.000000 -0.000000 -0.000000 -0.000000 -0.000000 0.000000 0.000000 -0.000000
-0.000000 0.000000 -0.000000 -0.000000 -0.000000 0.000000 -0.000000 -0.000000 -0.000000 -0.000000 -0.000000 -0.000000 0.000000 0.000000 -0.000000 -0.000000 -0.000000 -0.000000 -0.000000 -0.000000 -0.000000 0.000000 0.000000 -0.000000 -0.000000 -0.000000
-0.000000 0.000000 0.000000 -0.000000 -0.000000 -0.000000 -0.000000 -0.000000 -0.000000 0.000000 0.000000 -0.000000 -0.000000 -0.000000 0.000000 0.000000 0.000000 -0.000000 -0.000000 -0.000000 -0.000000 0.000000 -0.000000 -0.000000 0.000000 0.000000
-0.115247 -0.064106 -0.031784 -0.152507 0.012152 0.008735 -0.060088 -0.089333 -0.041846 -0.026269 -0.039136 0.234831 0.118950 0.269806 -0.036547 -0.114016 0.223623 -0.082964 -0.140638 0.111410 -0.103293 0.046919 -0.082555 -0.104879 0.086163 0.172618
-0.000000 0.000000 0.000000 -0.000000 -0.000000 -0.000000 -0.000000 -0.000000 -0.000000 -0.000000 0.000000 -0.000000 0.000000 0.000000 -0.000000 -0.000000 -0.000000 -0.000000 0.000001 -0.000000 -0.000000 0.000000 0.000000 -0.000000 -0.000000 0.000001
-0.280943 1.154377 -0.188301 0.244919 -0.300026 0.601528 0.336032 -0.428891 -0.260998 0.220876 0.221410 -0.422975 0.928544 0.692317 -0.033251 -0.932158 -0.885603 0.264728 0.259033 -0.592293 -0.671679 0.494417 1.660002 -0.982696 -0.824871 -0.273500
-0.000000 -0.000000 -0.000000 -0.000000 -0.000000 -0.000000 -0.000000 -0.000000 -0.000000 -0.000000 -0.000000 0.000000 -0.000000 -0.000000 -0.000000 0.000000 0.000000 -0.000000 -0.000000 0.000000 -0.000000 -0.000000 -0.000000 -0.000000 0.000000 0.000000
-0.000000 -0.000000 0.000000 -0.000000 -0.000000 -0.000000 -0.000000 -0.000000 -0.000000 -0.000000 -0.000000 -0.000000 -0.000000 -0.000000 -0.000000 0.000000 0.000000 -0.000000 0.000000 -0.000000 0.000000 -0.000000 -0.000000 0.000000 0.000000 0.000000
0.000000 -0.000000 0.000000 -0.000000 -0.000000 0.000000 -0.000000 -0.000000 -0.000000 0.000000 0.000000 0.000000 0.000000 -0.000000 -0.000000 0.000000 0.000000 -0.000000 -0.000000 0.000000 -0.000000 0.000000 -0.000000 -0.000000 0.000000 0.000000
0.202644 -0.151188 -0.208170 -0.673345 -0.742722 -0.441886 0.727765 -0.266829 0.699834 -0.583826 0.323589 -0.232679 -0.493354 -0.427185 0.179462 -0.146635 -0.426965 1.286156 0.752340 -0.386688 0.706756 -0.338613 0.219029 1.114331 -0.217237 -0.474583
0.000000 0.000000 -0.000000 0.000000 0.000000 -0.000000 0.000000 0.000000 -0.000000 -0.000000 0.000000 0.000000 -0.000000 0.000000 0.000000 0.000000 -0.000000 -0.000000 0.000000 -0.000000 0.000000 0.000000 0.000000 0.000000 -0.000000 -0.000000
-0.194736 -0.181768 -0.011765 -0.305541 0.013732 0.346709 -0.129406 -0.090466 -0.261983 0.070174 -0.154027 0.521688 0.231887 0.007491 -0.246843 0.140306 0.446719 -0.297441 -0.279097 0.439587 -0.234185 0.223755 -0.257745 -0.266765 0.337630 0.132090
-0.000004 -0.000001 -0.000003 -0.000009 -0.000011 -0.000005 -0.000006 -0.000010 -0.000004 -0.000015 -0.000004 -0.000007 -0.000003 -0.000006 -0.000008 0.000042 0.000004 -0.000012 -0.000006 -0.000011 -0.000001 -0.000005 -0.000002 0.000040 0.000053 -0.000006
-0.067414 -0.044546 -0.014937 -0.068689 0.026035 -0.008687 -0.034455 -0.045013 -0.030625 -0.029680 -0.029664 0.132863 0.031264 0.109874 -0.019026 -0.031703 0.132697 -0.040771 -0.074389 0.080287 -0.043152 0.012288 -0.046145 -0.057505 0.079581 0.081512
-0.000000 -0.000000 -0.000000 -0.000000 -0.000000 -0.000000 0.000000 -0.000000 -0.000000 -0.000000 0.000000 -0.000000 -0.000000 0.000000 0.000000 -0.000000 -0.000000 0.000000 0.000000 -0.000000 0.000000 -0.000000 0.000000 0.000000 -0.000000 -0.000000
0.000000 0.000000 0.000000 0.000000 -0.000000 -0.000000 -0.000000 0.000000 -0.000000 0.000000 0.000000 -0.000000 -0.000000 0.000000 0.000000 -0.000000 0.000000 0.000000 0.000000 -0.000000 0.000000 -0.000000 -0.000000 -0.000000 0.000000 -0.000000
-0.022607 -0.034919 -0.036721 -0.064315 0.000885 -0.038324 0.035062 0.064599 0.038588 -0.070966 -0.003703 0.019215 -0.052615 -0.047269 0.059859 0.117753 0.045961 -0.025094 -0.056390 -0.023069 0.053962 -0.050230 -0.055810 0.125089 0.082876 -0.061817
0.000000 -0.000000 0.000000 -0.000000 -0.000000 -0.000000 -0.000000 -0.000000 0.000000 -0.000000 -0.000000 -0.000000 -0.000000 -0.000000 -0.000000 0.000000 -0.000000 0.000000 -0.000000 -0.000000 0.000000 -0.000000 -0.000000 0.000000 0.000000 -0.000000
0.000000 0.000000 -0.000000 -0.000000 -0.000000 -0.000000 -0.000000 0.000000 -0.000000 0.000000 0.000000 -0.000000 -0.000000 0.000000 0.000000 0.000000 0.000000 0.000000 0.000000 -0.000000 -0.000000 0.000000 0.000000 0.000000 0.000000 0.000000
0.000000 0.000000 -0.000000 -0.000000 -0.000000 -0.000000 0.000000 0.000000 0.000000 0.000000 0.000000 0.000000 -0.000000 -0.000000 0.000000 0.000000 -0.000000 -0.000000 -0.000000 -0.000000 0.000000 -0.000000 0.000000 0.000000 -0.000000 0.000000
-0.000000 -0.000000 -0.000000 -0.000000 -0.000000 -0.000000 0.000000 -0.000000 0.000000 -0.000000 -0.000000 0.000000 0.000000 -0.000000 0.000000 0.000000 -0.000000 -0.000000 0.000000 -0.000000 -0.000000 -0.000000 -0.000000 -0.000000 -0.000000 -0.000000
0.000000 0.000000 -0.000000 -0.000000 0.000000 0.000000 0.000000 -0.000000 0.000000 -0.000000 0.000000 -0.000000 0.000000 0.000000 0.000000 0.000000 0.000000 -0.000000 -0.000000 0.000000 0.000000 -0.000000 0.000000 0.000000 -0.000000 0.000000
-0.239661 0.100256 -0.169132 0.130447 0.597108 0.405490 -0.166601 -0.172665 -0.198289 -0.136564 -0.221414 0.693035 0.454369 0.478167 -0.061024 -0.329064 -0.003169 -0.282808 -0.376450 0.329289 -0.218722 0.260695 -0.193089 -0.218966 -0.288895 -0.172342
0.000000 -0.000000 -0.000000 -0.000000 -0.000000 -0.000000 -0.000000 -0.000000 -0.000000 -0.000000 0.000000 -0.000000 -0.000000 -0.000000 -0.000000 -0.000000 0.000000 -0.000000 -0.000000 -0.000000 -0.000000 -0.000000 -0.000000 0.000000 0.000000 0.000000
0.000000 0.000000 -0.000000 0.000000 -0.000000 0.000000 -0.000000 -0.000000 -0.000000 -0.000000 0.000000 -0.000000 -0.000000 0.000000 -0.000000 0.000000 -0.000000 -0.000000 -0.000000 0.000000 0.000000 0.000000 -0.000000 -0.000000 -0.000000 -0.000000
-0.000000 0.000000 -0.000000 -0.000000 -0.000000 -0.000000 0.000000 -0.000000 0.000000 -0.000000 -0.000000 -0.000000 -0.000000 -0.000000 -0.000000 -0.000000 -0.000000 -0.000000 -0.000000 -0.000000 0.000000 -0.000000 0.000000 -0.000000 -0.000000 -0.000000
-0.000000 0.000000 -0.000000 -0.000000 -0.000000 -0.000000 0.000001 -0.000000 -0.000000 -0.000000 -0.000000 -0.000000 -0.000000 0.000000 0.000000 -0.000000 -0.000000 -0.000000 -0.000000 -0.000000 0.000000 -0.000000 0.000000 -0.000000 -0.000000 -0.000000
-0.000000 -0.000000 0.000000 0.000000 -0.000000 -0.000000 -0.000000 -0.000000 0.000000 0.000000 0.000000 0.000000 -0.000000 0.000000 0.000000 -0.000000 0.000000 -0.000000 0.000000 0.000000 -0.000000 0.000000 -0.000000 -0.000000 0.000000 -0.000000
-0.000000 -0.000000 -0.000000 -0.000000 -0.000000 -0.000000 -0.000000 -0.000000 -0.000000 -0.000000 -0.000000 0.000000 0.000000 0.000000 -0.000000 -0.000000 -0.000000 -0.000000 -0.000000 -0.000000 -0.000000 0.000000 -0.000000 -0.000000 -0.000000 0.000000
-0.000000 -0.000000 -0.000000 -0.000000 -0.000001 -0.000000 0.000001 0.000001 -0.000001 -0.000001 -0.000000 0.000000 -0.000000 -0.000000 0.000003 0.000000 0.000000 -0.000001 -0.000000 -0.000000 -0.000000 -0.000000 -0.000000 0.000002 0.000000 -0.000000
0.000000 -0.000000 0.000000 -0.000000 -0.000000 -0.000000 -0.000000 -0.000000 -0.000000 -0.000000 -0.000000 -0.000000 -0.000000 -0.000000 -0.000000 -0.000000 -0.000000 -0.000000 -0.000000 -0.000000 -0.000000 -0.000000 -0.000000 -0.000000 0.000001 0.000001
(1, 26)
-0.204472 -0.466553 -1.073468 2.726520 3.113674 -1.089777 -1.126076 0.783562 0.119516 2.132243 -1.751665 -0.410791 0.685255 -1.063272 -0.660889 -0.182621 0.561802 0.329285 -0.426876 1.019224 0.958524 -0.489493 -1.060743 -0.831574 -0.831929 -0.759409
